  5 240.88066 44.10999 21.19 0.16 21.25 0.37 AIS
  9 239.49285 43.96841 21.65 0.21 21.46 0.43 AIS
 12 237.14452 43.72336 21.65 0.15 22.35 0.23 GII
 14 245.93667 43.53640 21.02 0.27 20.73 0.28 AIS
 17 246.24036 43.05893 22.45 0.06 23.27 0.08 GII
 19 244.77396 41.97143 23.03 0.34            MIS
 20 244.65960 42.12002 21.59 0.17 21.33 0.28 AIS
 24 244.33210 42.11605 21.71 0.21 21.53 0.31 AIS
 25 244.83979 42.25036 21.71 0.25            AIS
 26 242.26219 42.85745 22.35 0.18            MIS
 27 242.36693 41.99978 21.63 0.14            MIS
 29 243.18977 42.79474 21.14 0.17            AIS
 39 237.04353 43.15726 22.11 0.17            MIS
 40 236.74165 42.59673 20.40 0.07            MIS
 43 237.08946 43.40918 24.06 0.55            GII
 44 237.84746 43.30585 23.60 0.38 23.46 0.53 GII
 45 236.28390 43.10802 21.98 0.15            MIS
 48 336.04342  3.06549 23.15 0.39            MIS
 49 333.89988  2.75960 21.98 0.20            GII
 50 336.10543  2.71125 21.33 0.36            AIS
 51 332.94739  2.77069 24.11 0.46            GII
 59 340.71729  2.68302 22.58 0.41            AIS
 63 339.69357  1.98710 22.27 0.43            AIS
 74 335.23058  2.51841 21.69 0.43            AIS
 75 334.18827  2.31777 22.36 0.20            GII
 76 333.98119  1.66836 23.30 0.12 24.18 0.51 DIS
 77 334.43417  1.67535 23.19 0.34            GII
 78 332.42691  1.73072 21.63 0.14 21.99 0.14 MIS
 80 332.16064  1.89220 21.86 0.18            GII
 81 332.27992  1.63990 20.43 0.10 21.28 0.21 MIS
 86 330.93909  1.51841 21.96 0.12 22.10 0.14 MIS
 87 343.35805  1.41399 21.99 0.35 21.05 0.27 AIS
 90 343.34129  1.10160 21.28 0.36 21.61 0.42 AIS
 95 343.21630  1.21818 21.69 0.24            MIS
 98 343.56510  0.51219 22.44 0.18 22.52 0.32 MIS
 99 344.11397  1.37353 24.26 0.38 23.86 0.29 MIS
101 342.02535  0.64976 22.58 0.20 22.77 0.34 MIS
103 340.31803  0.62889 20.94 0.07 21.25 0.08 MIS
104 341.42353  0.51946 23.52 0.40 23.03 0.18 MIS
105 342.65092  1.19889 22.20 0.14 21.94 0.14 MIS
112 339.31900  1.13068 23.26 0.41 23.24 0.34 MIS
113 339.76838  0.70574 22.62 0.29 23.12 0.28 MIS
114 339.46319  0.52073 23.98 0.62            MIS
115 338.59735  1.32337 21.97 0.36            AIS
117 338.75226  0.91871 22.86 0.33            MIS
121 337.83282  1.11527 21.02 0.22            MIS
125 338.23328  0.83811 23.30 0.41            MIS
127 337.90030  0.63204 22.12 0.28 22.47 0.32 MIS
128 338.36619  0.60394 23.59 0.43 22.93 0.31 MIS
133 332.67056  0.93396 21.39 0.03 21.84 0.09 DIS
134 332.62092  1.52753 22.41 0.16 22.21 0.16 MIS
135 334.95749  0.94049 21.63 0.03 21.83 0.04 DIS
136 334.58264  1.24653 23.65 1.78            DIS
137 333.61757  1.17166 23.51 0.16            DIS
138 344.16584  0.17668 24.39 0.43            CAI
139 343.50075  0.29016 22.57 0.18 22.93 0.34 MIS
141 342.84393  0.03237 22.21 0.12 22.86 0.24 MIS
142 342.88466 -0.97050 21.58 0.16            MIS
143 342.97468 -0.36767 22.60 0.19 23.13 0.34 MIS
145 343.14922 -0.93385 23.05 0.30 23.83 0.40 MIS
146 343.15884 -1.04506 22.53 0.19 22.91 0.30 MIS
147 343.25299 -0.66816 21.59 0.11 22.17 0.19 MIS
149 341.13857 -1.08284 23.65 0.28 23.69 0.31 MIS
150 341.33169 -0.07015 21.98 0.13 22.10 0.21 MIS
151 341.45378 -0.84731 22.43 0.16 23.33 0.38 MIS
152 341.48588  0.01026 21.52 0.10 21.70 0.15 MIS
153 341.90120  0.32103 22.92 0.26 23.70 0.32 MIS
155 340.05481 -0.94984 22.03 0.11 21.99 0.13 MIS
160 340.39894  0.23511 22.72 0.39            MIS
162 340.80508 -0.91099 22.08 0.13 22.22 0.17 MIS
165 337.35061 -1.03982 22.64 0.27 23.34 0.28 MIS
166 339.33037  0.26453 22.29 0.27 21.97 0.22 MIS
167 337.87224 -1.11462 22.90 0.30            MIS
172 335.89746 -0.67144 22.75 0.36 22.70 0.27 MIS
175 336.48477 -0.85840 21.87 0.21 22.49 0.34 MIS
180 335.31543 -0.97195 22.38 0.71            AIS
181 335.29881 -0.93598 21.47 0.38            AIS
183 334.12555 -0.41233 22.52 0.05 22.30 0.17 DIS
184 333.10658 -0.76368 21.37 0.02 21.64 0.09 DIS
185 334.11799  0.00067 22.87 0.08 21.73 0.16 DIS
187 333.81155 -0.25161 23.58 0.10 22.36 0.26 DIS
188 333.09578 -0.51803 21.20 0.02 21.74 0.10 DIS
189 332.21541 -1.19798 22.61 0.24 22.62 0.29 MIS
190 332.95736  0.26129 22.51 0.05 23.03 0.18 DIS
200  35.51043 -2.65049 23.12 0.11 23.26 0.12 DIS
202  34.93456 -1.99320 22.37 0.07 22.35 0.07 DIS
209  32.97226 -2.05385 20.84 0.20 21.70 0.30 AIS
211  33.96816 -1.96177 22.25 0.40 21.49 0.34 AIS
212  32.08857 -2.39239 20.95 0.18 20.87 0.18 AIS
213  32.26770 -2.16453 21.56 0.19 21.37 0.20 AIS
214  32.63153 -2.87647 21.84 0.31            AIS
216  31.10177 -2.14239 20.86 0.15 20.95 0.18 AIS
217  30.65629 -1.94623 22.24 0.09            GII
218  30.79186 -2.74889 22.76 0.50            AIS
219  31.40563 -2.33911 21.76 0.47            AIS
221  30.81680 -2.21990 21.42 0.06            GII
227  29.45476 -2.82923 20.89 0.19 21.09 0.25 AIS
232  39.40128 -4.62996 21.34 0.25 21.82 0.31 AIS
238  37.10191 -2.94832 23.18 0.44            GII
240  36.19954 -3.51761 21.46 0.02 21.67 0.13 DIS
241  35.93993 -3.64823 21.96 0.07            DIS
245  32.76902 -2.98378 21.90 0.33 22.49 0.41 AIS
246  32.61332 -3.79085 22.40 0.12            GII
247  32.83887 -3.64890 22.62 0.15            GII
249  32.23824 -3.26799 20.74 0.04            GII
251  29.58953 -2.95264 20.90 0.26 20.23 0.17 AIS
254  30.20149 -3.90884 23.98 0.35            GII
257  29.83692 -3.29243 21.81 0.28 22.63 0.43 AIS
258  38.96083 -4.99375 22.51 0.08            DIS
259  38.37959 -4.14935 20.96 0.02            DIS
260  37.68283 -4.60248 24.32 0.29            DIS
262  36.46045 -4.40219 23.11 0.07 23.86 0.08 DIS
263  37.57086 -4.21544 21.55 0.03            DIS
264  36.67457 -4.07972 22.71 0.05 23.19 0.05 DIS
266  36.36231 -4.96190 23.14 0.06 23.85 0.09 DIS
267  34.17486 -4.70534 20.80 0.02            GII
268  35.18790 -4.53227 22.03 0.04 22.50 0.21 DIS
270  30.27326 -4.87183 21.83 0.04            DIS
272  28.95165 -4.66126 21.30 0.18 21.63 0.23 AIS
273  29.09791 -4.65633 22.15 0.29 22.11 0.28 AIS
274  30.11322 -4.56218 19.75 0.01            DIS
277  29.15481 -4.90715 22.42 0.31 22.56 0.44 AIS
281  39.14297 -6.68932 23.87 0.64            NGS
282  39.06594 -6.51287 22.43 0.23            GII
283  38.96045 -6.04691 23.70 0.32            GII
284  39.38798 -6.05058 20.39 0.08            GII
285  39.48193 -6.25712 20.40 0.06            GII
286  39.32640 -5.99268 21.37 0.32            AIS
287  40.02576 -6.44732 21.58 0.13 21.63 0.15 MIS
289  39.86057 -5.66570 21.20 0.10 21.60 0.13 GII
290  38.71341 -5.82545 22.67 0.07            DIS
292  39.69496 -6.23662 22.72 0.37            GII
293  39.79945 -5.71741 22.39 0.19 22.62 0.26 GII
296  38.31543 -6.59495 20.93 0.10 21.46 0.14 MIS
297  38.29383 -5.78107 22.44 0.06            DIS
299  36.34452 -6.82502 21.89 0.16 21.74 0.20 MIS
300  36.50678 -6.29157 23.88 0.43            GII
301  36.24625 -6.66891 22.21 0.22 22.20 0.23 MIS
302  37.32120 -6.41591 20.96 0.09            GII
306  37.27886 -5.54870 24.75 0.38            DIS
308  36.58543 -5.33719 21.29 0.02 21.55 0.14 DIS
310  34.82593 -6.93308 21.04 0.06            GII
311  35.01698 -6.57590 23.95 0.19            DIS
313  34.95154 -6.71276 24.03 0.26            DIS
315  35.36202 -5.43306 25.23 0.30            DIS
316  35.34965 -5.35881 23.69 0.18            DIS
317  35.31524 -5.53963 22.54 0.14            DIS
318  35.35361 -5.73285 21.41 0.03 21.97 0.03 DIS
319  35.44910 -5.65049 24.42 0.19            DIS
320  33.59140 -6.80475 22.25 0.71            AIS
321  34.64452 -6.20879 23.45 0.13 23.97 0.14 DIS
322  33.84202 -5.27407 21.61 0.12            GII
323  33.81911 -6.42474 22.89 0.31            GII
324  34.70340 -6.76558 23.03 0.09 23.75 0.12 DIS
329  32.43004 -6.84353 21.88 0.14            GII
333  32.27242 -6.30678 21.82 0.13            GII
334  32.77526 -5.15347 23.29 0.19            DIS
336  32.82894 -6.47060 23.47 0.38            GII
338  32.58845 -5.96983 23.47 0.36            GII
341  32.37404 -5.79682 22.33 0.05            DIS
342  31.36566 -6.30111 22.86 0.24            GII
343  31.59034 -6.39761 23.43 0.30            GII
345  30.99473 -5.55987 21.23 0.02            DIS
346  32.00345 -6.28029 22.05 0.12            GII
347  29.51732 -6.06882 22.92 0.44 22.90 0.44 AIS
350  29.90105 -6.61593 23.32 0.36            GII
353  30.21511 -6.95314 23.38 0.72            GII
354  30.34833 -6.82286 21.48 0.12            GII
355  30.34617 -6.79584 24.36 0.74            GII
356  30.41417 -5.76799 22.87 0.15            DIS
358  30.46165 -6.67283 21.77 0.14            GII
359  30.53211 -6.62437 22.42 0.25            GII
360  30.67772 -6.76515 23.60 0.38            GII
365  30.30601 -5.44635 24.41 0.21            DIS
366  30.02129 -5.30620 22.91 0.29            GII
368 141.22506  4.54327 22.01 0.13 22.38 0.09 MIS
370 140.29843  4.23122 22.65 0.23 23.03 0.20 MIS
372 139.61347  4.27564 23.65 0.33 23.63 0.24 MIS
373 139.88761  4.93465 22.13 0.18 22.37 0.18 MIS
374 140.13783  4.93504 22.81 0.23            MIS
375 136.78501  4.42258 22.55 0.56            AIS
377 138.77776  4.97857 20.60 0.09 21.04 0.10 MIS
378 137.27352  4.99508 22.58 0.29            MIS
382 135.54609  4.99412 21.19 0.11 21.97 0.17 MIS
386 140.10988  4.03701 23.88 0.38            MIS
393 134.93924  3.41851 22.93 0.25 23.86 0.26 MIS
394 135.07976  3.70579 22.33 0.18 22.47 0.16 MIS
401 140.04258  2.09296 22.23 0.19 22.59 0.29 MIS
405 137.33918  1.82742 21.54 0.12 21.97 0.11 MIS
406 136.84632  1.88746 23.85 0.39            MIS
407 135.39116  2.33687 23.10 0.25 23.25 0.22 MIS
408 135.44356  2.76146 23.74 0.56            MIS
419 129.38431  2.67589 22.73 0.19 22.39 0.14 MIS
420 224.37364  1.51644 21.95 0.20 22.57 0.30 MIS
421 129.93949  1.85644 21.06 0.35            AIS
422 224.43075  1.35526 21.02 0.09 21.27 0.11 MIS
430 224.57289  0.68845 23.08 0.42            AIS
433 225.16559  1.38571 21.99 0.15 22.29 0.19 GII
436 225.40893  0.99813 21.71 0.08 21.87 0.15 GII
438 225.53238  1.51584 20.53 0.04 20.79 0.09 GII
445 223.39608  0.79949 21.42 0.09 21.58 0.13 MIS
446 224.27483  1.05667 21.87 0.16 22.20 0.18 MIS
449 220.61835  1.53050 21.40 0.09 21.70 0.09 MIS
451 220.57310  1.71754 22.43 0.21 22.71 0.14 MIS
452 220.84977  0.95127 22.24 0.17 22.69 0.19 MIS
454 219.35709  1.72629 22.12 0.18 22.18 0.16 MIS
455 220.13213  0.65323 21.94 0.16 22.12 0.23 MIS
456 218.55963  1.55719 19.51 0.06 20.05 0.07 MIS
457 218.52228  1.54270 22.05 0.21 22.90 0.23 MIS
460 218.40091  0.65756 24.02 0.43            MIS
463 217.15192  0.76649 22.39 0.18 22.34 0.11 MIS
464 216.86692  1.33766 19.20 0.04 19.49 0.03 MIS
465 216.92140  1.41688 22.88 0.27 23.60 0.24 MIS
468 215.28300  0.88488 21.81 0.14 22.40 0.12 MIS
470 214.58333  0.86692 22.60 0.25            MIS
471 214.51990  0.82082 21.17 0.08 21.33 0.07 MIS
473 212.49921  1.46951 22.94 0.32 23.54 0.19 MIS
475 212.48952  1.28679 23.93 0.40            MIS
477 211.28136  1.05161 22.64 0.30            MIS
480 209.66317  1.23912 21.93 0.17            MIS
481 209.90253  0.79190 22.34 0.24            MIS
482 182.83980  1.11515 21.89 0.05 21.99 0.06 GII
483 183.40257  0.69095 21.60 0.11 21.51 0.14 GII
491 182.26473  0.68156 23.88 0.38            GII
493 181.73673  1.08819 23.91 0.39            GII
494 181.69381  1.13361 23.75 0.37            GII
497 182.03023  0.86832 21.48 0.14 22.57 0.18 GII
503 181.36339  1.50545 23.74 0.37            GII
506 181.14067  1.41550 23.21 0.44            GII
509 180.64841  1.21672 23.06 0.33            GII
510 180.64830  1.33467 21.57 0.13 21.97 0.16 GII
512 181.16698  1.64529 23.87 0.54            MIS
515 181.31075  1.76904 21.20 0.08            MIS
519 181.36395  1.05636 23.59 0.44            GII
521 181.03922  1.25417 21.11 0.18 22.77 0.26 GII
522 181.19239  1.29861 21.02 0.07 21.16 0.07 GII
523 181.03291  1.32205 24.63 0.86            GII
527 178.68196  1.65216 21.41 0.11 21.34 0.11 GII
529 139.94187  0.82224 23.13 0.30            MIS
531 140.23264  1.50090 20.89 0.08 20.73 0.10 MIS
537 140.80609  1.51118 21.97 0.15 21.95 0.16 MIS
538 140.64634  1.52359 22.59 0.24 23.08 0.28 MIS
539 139.35595  0.91389 21.80 0.14 21.81 0.09 MIS
540 139.73096  1.75121 21.31 0.22 22.37 0.34 MIS
544 137.34544  1.29681 22.41 0.35            MIS
545 136.49975  0.73499 22.97 0.26 22.51 0.20 MIS
546 134.62363  1.56887 21.24 0.08            MIS
547 133.63991  1.53870 23.83 0.39            MIS
548 133.87683  0.84581 23.50 0.38 24.04 0.51 MIS
552 132.65336  1.16888 22.85 0.26 23.48 0.21 MIS
553 132.77478  0.72027 22.74 0.29 22.72 0.25 MIS
555 132.69699  1.60844 21.97 0.12 21.86 0.09 MIS
557 133.36383  0.67940 21.98 0.16 21.96 0.15 MIS
559 131.81956  1.62207 21.49 0.12 21.63 0.13 MIS
560 132.05378  1.50660 23.84 0.55            MIS
561 131.82806  0.64775 22.07 0.13 22.59 0.11 MIS
562 129.76502  1.16629 22.33 0.19 22.21 0.20 MIS
564 129.93901  1.74277 20.86 0.09 21.12 0.13 MIS
565 129.94673  1.74472 22.62 0.21 22.45 0.29 MIS
566 128.35591  0.55076 21.57 0.14 22.42 0.29 MIS
567 128.24456  1.31246 21.61 0.51            AIS
573 129.20008  1.35697 22.31 0.19 22.30 0.16 MIS
574 128.95663  0.89688 21.22 0.11 21.22 0.11 MIS
575 129.25226  1.66479 20.70 0.08 20.92 0.11 MIS
576 225.17760  0.28239 22.79 0.32            MIS
577 225.65376  0.26261 21.52 0.15 21.86 0.17 MIS
581 223.64791  0.46110 23.32 0.31 23.83 0.41 MIS
584 221.12131 -0.11880 22.09 0.20 21.75 0.18 MIS
586 221.67948  0.00103 22.07 0.23 22.55 0.26 MIS
588 221.90513 -0.46129 21.69 0.25            MIS
589 219.96183  0.35306 23.80 0.61            MIS
591 220.73686  0.27978 23.42 0.49            MIS
592 220.73796  0.63269 22.62 0.24 23.35 0.31 MIS
593 218.87526 -0.31138 21.80 0.11 22.28 0.14 MIS
595 217.46845 -0.30050 23.87 0.55            MIS
598 217.41057  0.29951 22.24 0.62            AIS
600 214.78898  0.06861 22.49 0.25 22.44 0.14 MIS
603 215.02114 -0.43611 21.78 0.12 22.31 0.11 MIS
604 215.16849  0.52866 20.60 0.06 20.79 0.05 MIS
605 214.04031 -0.38854 21.10 0.09 21.26 0.12 GII
608 212.43574  0.01291 22.11 0.15 22.29 0.11 MIS
610 214.42898  0.32809 24.35 0.49            MIS
612 211.66710  0.14728 21.87 0.15 22.38 0.24 MIS
613 211.65257  0.06539 20.88 0.09 21.32 0.13 MIS
614 211.57282  0.62872 21.02 0.13 21.44 0.16 MIS
615 183.52235  0.28860 21.74 0.16 21.89 0.17 GII
616 182.37838 -0.04675 23.55 0.45 23.06 0.47 GII
621 180.16722  0.56373 20.90 0.09 21.11 0.10 GII
623 180.07187  0.56169 21.61 0.15 21.96 0.19 GII
625 180.27727  0.24227 21.17 0.11 21.67 0.13 GII
628 179.86863 -0.30585 22.56 0.21 22.81 0.40 MIS
629 178.96228  0.08126 22.70 0.15 23.24 0.14 GII
631 178.05781  0.06998 23.79 0.70            MIS
633 141.79019  0.53929 20.22 0.13 20.24 0.15 AIS
634 141.40241 -0.36973 20.55 0.08 20.67 0.09 MIS
636 140.62499  0.13176 20.26 0.07 20.42 0.07 MIS
639 139.44960 -0.23150 22.55 0.28            MIS
642 139.82336  0.62945 22.73 0.37            MIS
643 138.98768  0.63074 22.88 0.35 22.67 0.22 MIS
647 135.45588  0.33622 21.09 0.08 21.55 0.06 MIS
648 134.05679  0.36201 24.06 0.48            MIS
650 135.07249 -0.05195 22.01 0.16 22.20 0.09 MIS
651 134.61003  0.00614 22.16 0.14 22.78 0.15 MIS
653 133.54981 -0.16588 21.89 0.15 22.21 0.18 MIS
656 132.15483 -0.78401 20.45 0.06 20.85 0.05 MIS
659 131.22330 -0.26204 21.17 0.09 21.30 0.06 MIS
660 131.25923 -0.22091 22.75 0.20 23.10 0.15 MIS
661 131.12954  0.11195 21.49 0.12 22.27 0.13 MIS
662 128.47077 -0.38957 19.67 0.07            MIS
664 129.07123 -0.51452 22.24 0.18 22.62 0.14 MIS
669 225.00957 -0.80651 22.69 0.31 23.19 0.46 MIS
671 223.21160 -2.03629 21.70 0.13 22.16 0.21 MIS
672 223.05810 -1.98514 21.80 0.17 22.35 0.23 MIS
677 222.25054 -1.53601 22.89 0.34 22.60 0.37 MIS
678 221.85642 -0.55593 23.64 0.41            MIS
681 221.02632 -1.89108 21.98 0.16 22.17 0.11 MIS
682 221.36396 -1.97998 22.25 0.18 22.20 0.14 MIS
683 221.39329 -2.01134 21.93 0.15 21.84 0.12 MIS
685 220.19269 -0.73441 21.42 0.11 21.50 0.13 MIS
687 217.87572 -1.53191 22.63 0.25 22.50 0.20 MIS
688 220.31959 -0.59281 22.23 0.21 22.06 0.17 MIS
690 219.68939 -0.70547 22.95 0.29 22.73 0.29 MIS
691 218.49075 -1.60930 22.12 0.19 22.27 0.28 MIS
692 218.63291 -1.92307 21.78 0.16 22.16 0.19 MIS
693 217.05070 -1.60440 20.66 0.13 22.83 0.28 MIS
695 216.67454 -1.85601 21.62 0.15 21.46 0.22 MIS
696 217.22385 -1.18816 22.33 0.19 22.71 0.31 MIS
698 216.18465 -0.57612 21.31 0.09 21.90 0.09 MIS
700 216.33089 -0.53335 22.65 0.20 23.22 0.19 MIS
701 216.52436 -0.88384 21.89 0.25            MIS
703 214.06878 -0.77178 22.23 0.16 21.93 0.09 MIS
704 214.21677 -1.73153 22.54 0.27 22.30 0.24 MIS
705 214.44260 -0.72263 21.60 0.11 21.49 0.06 MIS
707 215.25534 -1.00203 21.27 0.24 22.37 0.21 MIS
708 213.70093 -2.01179 22.32 0.25 23.29 0.26 MIS
710 213.74227 -0.75289 21.85 0.14 21.94 0.09 MIS
716 212.43212 -1.85862 21.67 0.12 22.05 0.15 MIS
718 210.08571 -1.43950 22.53 0.23 22.13 0.26 MIS
720 210.89824 -1.52904 21.70 0.13 21.92 0.20 MIS
722 211.17501 -1.37436 23.17 0.32            MIS
723 211.12311 -1.24555 21.18 0.10 21.31 0.13 MIS
725 210.23659 -1.20929 21.49 0.13 21.98 0.18 MIS
729 210.47506 -1.34275 19.92 0.06 20.16 0.07 MIS
730 209.51427 -1.54374 21.63 0.32            AIS
731 209.71481 -0.89089 21.16 0.10 20.93 0.11 MIS
732 210.04740 -0.80496 22.35 0.20 22.71 0.24 MIS
733 183.16539 -0.81614 22.33 0.20 22.89 0.26 GII
737 180.63313 -1.62243 23.64 0.38            GII
738 180.66418 -1.87159 21.57 0.18 21.67 0.13 MIS
739 180.64719 -1.84525 22.34 0.22 22.98 0.27 MIS
741 180.41861 -1.20371 20.27 0.07 20.84 0.08 MIS
742 180.34466 -1.18734 21.91 0.13 22.21 0.14 MIS
743 178.84672 -1.53302 22.79 0.20 23.80 0.37 MIS
745 181.23085 -0.69631 20.36 0.08 20.69 0.11 GII
748 179.56898 -1.48872 23.53 0.37            MIS
750 179.93176 -0.77275 19.98 0.06 20.28 0.09 MIS
754 179.37327 -1.26830 23.64 0.42            MIS
755 179.39726 -1.56396 23.12 0.27 23.25 0.28 MIS
759 177.33498 -1.41269 23.39 0.30 23.62 0.39 MIS
760 179.58185 -1.12742 21.46 0.15 21.79 0.13 MIS
761 178.48021 -0.76077 21.37 0.25            AIS
762 178.22483 -1.24298 23.19 0.33            MIS
763 178.27513 -1.19977 22.22 0.13 22.12 0.12 MIS
765 176.14079 -0.86667 19.91 0.05 20.20 0.07 GII
766 175.93995 -1.27603 18.49 0.02 18.65 0.03 GII
767 141.76316 -0.86802 21.66 0.14 21.65 0.11 MIS
768 142.00168 -0.70809 21.34 0.10 21.34 0.09 MIS
769 140.58466 -0.51597 21.95 0.17 21.81 0.18 MIS
770 141.16265 -0.65602 20.78 0.10 21.24 0.12 MIS
775 136.02936 -1.16513 20.87 0.10 20.99 0.12 MIS
777 134.89948 -1.95794 20.72 0.07 20.93 0.06 GII
778 135.54794 -1.96435 22.90 0.27 22.89 0.23 GII
779 135.77211 -0.54167 21.57 0.11 21.79 0.12 MIS
780 134.99797 -1.16339 21.72 0.17 21.77 0.10 MIS
